30000000
30000000
30000000
30000000
30000000
30000000
80000000
80000000
80000000
80000000
80000000
80000000
80000000
100000000
100000000
100000000
100000000
100000000
100000000
100000000
110000000
110000000
110000000
110000000
110000000
110000000
110000000
110000000
110000000
110000000
110000000
110000000
110000000
110000000
110000000
110000000
110000000
110000000
110000000
110000000
110000000
110000000
110000000
110000000
110000000
110000000
110000000
30000000
30000000
30000000
30000000
30000000
30000000
30000000
30000000
30000000
30000000
30000000
30000000
30000000
30000000